D =  [-0.2850489541756035, 0.34249515024782984, 0.00045513299992657076, 0.0007900832410683567, 0.0]
K =  [1561.1740701525391, 0.0, 648.0254938771662, 0.0, 1561.6587873651504, 341.8521622242722, 0.0, 0.0, 1.0]
R =  [1.0, 0.0, 0.0, 0.0, 1.0, 0.0, 0.0, 0.0, 1.0]
P =  [1496.491455078125, 0.0, 648.7577553504525, 0.0, 0.0, 1536.6356201171875, 340.9860175261856, 0.0, 0.0, 0.0, 1.0, 0.0]
None
# oST version 5.0 parameters


[image]

width
1280

height
720

[narrow_stereo]

camera matrix
1561.174070 0.000000 648.025494
0.000000 1561.658787 341.852162
0.000000 0.000000 1.000000

distortion
-0.285049 0.342495 0.000455 0.000790 0.000000

rectification
1.000000 0.000000 0.000000
0.000000 1.000000 0.000000
0.000000 0.000000 1.000000

projection
1496.491455 0.000000 648.757755 0.000000
0.000000 1536.635620 340.986018 0.000000
0.000000 0.000000 1.000000 0.000000

