image_width: 1280
image_height: 720
camera_name: DahengCam
camera_matrix:
  rows: 3
  cols: 3
  data: [1.5704e+03, 0.0, 640.2380, 0.0, 1.5716e+03, 352.8134, 0.0, 0.0, 1.0]
distortion_model: plumb_bob
distortion_coefficients:
  rows: 1
  cols: 5
  data: [-0.2264, -0.0701, 0.0, 0.0, 0.0]
rectification_matrix: # 暂不使用
  rows: 3
  cols: 3
  data: [0.000000, 0.000000, 0.000000, 0.000000, 1.000000, 0.000000, 0.000000, 0.000000, 1.000000]
projection_matrix:  # 暂不使用
  rows: 3
  cols: 4
  data: [0.000000, 0.000000, 0.000000, 0.000000, 0.000000, 0.000000, 0.000000, 0.000000, 0.000000, 0.000000, 0.000000, 0.000000]