image_width: 1280
image_height: 720
camera_name: DahengCam
camera_matrix:
  rows: 3
  cols: 3
  data: [1561.174070, 0.0, 648.025494, 0.0, 1561.658787, 341.852162, 0.0, 0.0, 1.0]
distortion_model: plumb_bob
distortion_coefficients:
  rows: 1
  cols: 5 
  data: [-0.285049, 0.342495, 0.000455, 0.000790 , 0.0]
rectification_matrix: # 暂不使用
  rows: 3
  cols: 3
  data: [0.000000, 0.000000, 0.000000, 0.000000, 1.000000, 0.000000, 0.000000, 0.000000, 1.000000]
projection_matrix:  # 暂不使用
  rows: 3
  cols: 4
  data: [0.000000, 0.000000, 0.000000, 0.000000, 0.000000, 0.000000, 0.000000, 0.000000, 0.000000, 0.000000, 0.000000, 0.000000]